{
 "cells": [
  {
   "cell_type": "code",
   "execution_count": 98,
   "metadata": {},
   "outputs": [],
   "source": [
    "import bertviz\n",
    "import torch\n",
    "\n",
    "from transformers import BertTokenizer, BertModel\n",
    "from pprint import pprint\n",
    "from bertviz import head_view, model_view\n",
    "from typing import Tuple\n",
    "from typing import List, Optional\n",
    "\n",
    "import seaborn as sns\n",
    "import matplotlib.pyplot as plt\n",
    "\n",
    "from scipy.sparse import csgraph\n",
    "from scipy.sparse import csr_matrix"
   ]
  },
  {
   "cell_type": "code",
   "execution_count": 99,
   "metadata": {},
   "outputs": [],
   "source": [
    "# attention -> tuple len of num layers of (batch_size, num_heads, seq_len, seq_len)\n",
    "\n",
    "def get_num_layers(attention):\n",
    "    return len(attention)\n",
    "\n",
    "def get_num_heads(attention):\n",
    "    # first layer, first batch element\n",
    "    return attention[0][0].size(0)\n",
    "\n",
    "def format_attention(attention, layers=None, heads=None):\n",
    "    if layers:\n",
    "        attention = [attention[layer_index] for layer_index in layers]\n",
    "    squeezed = []\n",
    "    for layer_attention in attention:\n",
    "        # print(layer_attention.shape)\n",
    "        # 1 x num_heads x seq_len x seq_len\n",
    "        if len(layer_attention.shape) != 4:\n",
    "            raise ValueError(\"The attention tensor does not have the correct number of dimensions. Make sure you set \"\n",
    "                             \"output_attentions=True when initializing your model.\")\n",
    "        layer_attention = layer_attention.squeeze(0)\n",
    "        if heads:\n",
    "            layer_attention = layer_attention[heads]\n",
    "        squeezed.append(layer_attention)\n",
    "    # num_layers x num_heads x seq_len x seq_len\n",
    "    return torch.stack(squeezed)"
   ]
  },
  {
   "cell_type": "code",
   "execution_count": 100,
   "metadata": {},
   "outputs": [],
   "source": [
    "\n",
    "def plot_barcodes(attention: Tuple, layer: int = 0, head: int = 0, plot_heatmap: bool = True, tokens: Optional[List] = None):\n",
    "    f_attention = format_attention(attention)\n",
    "    f_attention = f_attention.detach().numpy()\n",
    "\n",
    "    graph = 1 - f_attention[layer, head]\n",
    "\n",
    "    if plot_heatmap:\n",
    "        if tokens is None:\n",
    "            tokens = 'auto'\n",
    "        sns.heatmap(graph, annot=True, cmap='viridis', fmt=\".2f\", xticklabels=tokens, yticklabels=tokens)\n",
    "        plt.title('Attention Matrix')\n",
    "        plt.show()\n",
    "    \n",
    "    # flatten graph and sort\n",
    "    thresholds = sorted(graph.reshape(-1).tolist())\n",
    "    # print(thresholds)\n",
    "\n",
    "    used_thresholds = []\n",
    "    n_connected_components = []\n",
    "    \n",
    "    for threshold in thresholds:\n",
    "        adjacency_matrix = graph <= threshold\n",
    "        sparse_matrix = csr_matrix(adjacency_matrix)\n",
    "        n_components, labels = csgraph.connected_components(sparse_matrix)\n",
    "\n",
    "        used_thresholds.append(threshold)\n",
    "        n_connected_components.append(n_components)\n",
    "\n",
    "        if n_components == 1:\n",
    "            used_thresholds[-1] = 1\n",
    "            break\n",
    "\n",
    "    # print(used_thresholds)\n",
    "    # print(n_connected_components)\n",
    "\n",
    "    fig, ax = plt.subplots()\n",
    "    ax.barh(n_connected_components, used_thresholds) #, align='center')\n",
    "\n",
    "    ax.set_xlabel('Thresholds')\n",
    "    ax.set_ylabel('N connected components')\n",
    "    ax.set_title('Barcodes')\n",
    "\n",
    "    plt.show()"
   ]
  },
  {
   "cell_type": "code",
   "execution_count": 101,
   "metadata": {},
   "outputs": [],
   "source": [
    "def get_attentions(model, tokenizer, text, debug: bool = True, return_tokens: bool = False):\n",
    "    # token_type_ids\n",
    "    encoded_input = tokenizer(text, return_tensors='pt')\n",
    "\n",
    "    debug and print(encoded_input.keys())\n",
    "    debug and pprint(encoded_input)\n",
    "\n",
    "    input_ids = encoded_input['input_ids']\n",
    "\n",
    "    debug and print(input_ids.shape)\n",
    "\n",
    "    tokens = tokenizer.convert_ids_to_tokens(input_ids[0]) \n",
    "\n",
    "    debug and print(tokens)\n",
    "\n",
    "    with torch.no_grad():\n",
    "        output = model(**encoded_input)\n",
    "        attention = output['attentions']\n",
    "        debug and print(attention)\n",
    "    \n",
    "    if return_tokens:\n",
    "        return attention, tokens\n",
    "    else:\n",
    "        return attention"
   ]
  },
  {
   "cell_type": "code",
   "execution_count": 102,
   "metadata": {},
   "outputs": [
    {
     "name": "stderr",
     "output_type": "stream",
     "text": [
      "Some weights of the model checkpoint at bert-base-uncased were not used when initializing BertModel: ['cls.predictions.transform.dense.weight', 'cls.predictions.transform.dense.bias', 'cls.predictions.transform.LayerNorm.weight', 'cls.seq_relationship.weight', 'cls.predictions.bias', 'cls.predictions.transform.LayerNorm.bias', 'cls.seq_relationship.bias']\n",
      "- This IS expected if you are initializing BertModel from the checkpoint of a model trained on another task or with another architecture (e.g. initializing a BertForSequenceClassification model from a BertForPreTraining model).\n",
      "- This IS NOT expected if you are initializing BertModel from the checkpoint of a model that you expect to be exactly identical (initializing a BertForSequenceClassification model from a BertForSequenceClassification model).\n"
     ]
    }
   ],
   "source": [
    "# Output attentions = TRUE\n",
    "model = BertModel.from_pretrained(\"bert-base-uncased\", output_attentions=True)\n",
    "tokenizer = BertTokenizer.from_pretrained('bert-base-uncased')\n",
    "\n",
    "text = \"I love you\""
   ]
  },
  {
   "cell_type": "code",
   "execution_count": 103,
   "metadata": {},
   "outputs": [
    {
     "data": {
      "text/plain": [
       "(tensor([[[[1.2942e-01, 1.0966e-01, 7.6772e-02, 8.0205e-02, 6.0394e-01],\n",
       "           [2.8612e-01, 2.0097e-01, 2.3074e-01, 1.5231e-01, 1.2986e-01],\n",
       "           [3.4637e-01, 1.7007e-01, 1.1124e-01, 1.1922e-01, 2.5310e-01],\n",
       "           [2.4026e-01, 2.9431e-01, 1.6572e-01, 1.3948e-01, 1.6025e-01],\n",
       "           [1.8692e-01, 1.7019e-01, 1.3924e-01, 1.5884e-01, 3.4482e-01]],\n",
       " \n",
       "          [[9.5996e-01, 2.2468e-02, 4.5803e-03, 5.4822e-03, 7.5143e-03],\n",
       "           [2.5183e-02, 6.5255e-02, 7.1472e-01, 7.1696e-02, 1.2314e-01],\n",
       "           [7.5605e-02, 3.2710e-02, 4.2541e-01, 8.5231e-02, 3.8104e-01],\n",
       "           [1.7483e-02, 9.0004e-03, 8.5426e-01, 1.7040e-02, 1.0221e-01],\n",
       "           [9.7334e-02, 4.6377e-01, 1.2675e-01, 2.1486e-01, 9.7285e-02]],\n",
       " \n",
       "          [[8.5451e-01, 3.4337e-02, 2.5631e-02, 2.9076e-02, 5.6444e-02],\n",
       "           [8.0306e-01, 7.6158e-02, 2.3546e-02, 3.4475e-02, 6.2763e-02],\n",
       "           [6.6197e-02, 8.6942e-01, 1.5092e-02, 3.8517e-02, 1.0768e-02],\n",
       "           [2.6756e-01, 9.3326e-02, 5.4577e-01, 2.7697e-02, 6.5644e-02],\n",
       "           [3.6182e-01, 3.4093e-02, 3.7227e-02, 4.8487e-01, 8.1996e-02]],\n",
       " \n",
       "          [[8.3431e-01, 4.4040e-02, 3.5405e-02, 2.9399e-02, 5.6849e-02],\n",
       "           [5.2403e-01, 2.7247e-01, 3.9063e-02, 4.3405e-02, 1.2104e-01],\n",
       "           [1.5590e-02, 8.9792e-01, 5.0618e-02, 2.4184e-02, 1.1683e-02],\n",
       "           [9.7941e-03, 3.1074e-01, 5.1688e-01, 1.1165e-01, 5.0931e-02],\n",
       "           [1.1814e-01, 2.0013e-01, 1.5992e-01, 4.3284e-01, 8.8966e-02]],\n",
       " \n",
       "          [[7.5895e-01, 5.1190e-02, 5.3807e-02, 4.8055e-02, 8.7996e-02],\n",
       "           [2.4438e-01, 8.2383e-02, 2.9262e-01, 1.1973e-01, 2.6089e-01],\n",
       "           [3.2028e-01, 2.2977e-01, 1.1469e-01, 1.3158e-01, 2.0368e-01],\n",
       "           [2.3706e-01, 7.6033e-02, 2.8631e-01, 8.1276e-02, 3.1931e-01],\n",
       "           [2.8318e-02, 5.8255e-03, 5.8175e-03, 5.8549e-03, 9.5418e-01]],\n",
       " \n",
       "          [[4.0173e-01, 3.2682e-01, 4.7914e-02, 7.3456e-02, 1.5009e-01],\n",
       "           [1.6831e-01, 1.0673e-01, 8.7689e-02, 4.2626e-01, 2.1100e-01],\n",
       "           [2.2244e-01, 7.3420e-02, 1.5535e-01, 2.1182e-01, 3.3697e-01],\n",
       "           [1.1868e-01, 1.0940e-01, 2.0051e-01, 3.1381e-01, 2.5760e-01],\n",
       "           [5.7055e-01, 2.0224e-01, 2.2854e-02, 4.4780e-02, 1.5958e-01]],\n",
       " \n",
       "          [[9.5832e-01, 9.9392e-03, 7.7722e-03, 9.6456e-03, 1.4328e-02],\n",
       "           [4.6854e-02, 3.2648e-01, 3.3788e-01, 1.7131e-01, 1.1748e-01],\n",
       "           [7.1882e-02, 1.8841e-01, 5.2604e-01, 1.2120e-01, 9.2472e-02],\n",
       "           [4.2738e-02, 1.2496e-01, 5.1994e-01, 2.5958e-01, 5.2790e-02],\n",
       "           [1.1604e-01, 3.0570e-01, 6.1365e-02, 1.9551e-01, 3.2139e-01]],\n",
       " \n",
       "          [[6.1250e-01, 4.5879e-02, 1.3935e-02, 2.8965e-02, 2.9872e-01],\n",
       "           [1.6537e-01, 2.3434e-01, 3.3993e-02, 2.7166e-01, 2.9464e-01],\n",
       "           [6.5074e-02, 7.9777e-02, 1.5482e-01, 1.5321e-01, 5.4712e-01],\n",
       "           [1.7270e-01, 3.6827e-01, 3.2983e-02, 2.8247e-01, 1.4357e-01],\n",
       "           [4.5928e-01, 2.0574e-01, 5.2675e-02, 1.9735e-01, 8.4947e-02]],\n",
       " \n",
       "          [[9.1842e-01, 1.3537e-02, 3.3262e-02, 1.3902e-02, 2.0877e-02],\n",
       "           [7.3074e-03, 4.4242e-02, 1.2296e-01, 5.1893e-01, 3.0656e-01],\n",
       "           [1.0722e-02, 9.9652e-02, 1.0399e-01, 2.8453e-01, 5.0110e-01],\n",
       "           [1.1748e-02, 1.7019e-01, 1.6496e-01, 1.2896e-01, 5.2414e-01],\n",
       "           [2.0660e-01, 1.4719e-01, 2.2476e-01, 2.5728e-01, 1.6417e-01]],\n",
       " \n",
       "          [[2.1571e-01, 1.6904e-01, 4.1271e-01, 1.6445e-01, 3.8100e-02],\n",
       "           [2.7242e-01, 4.7178e-01, 3.3602e-02, 8.0295e-02, 1.4190e-01],\n",
       "           [1.5576e-01, 6.3957e-02, 7.1473e-01, 1.6184e-02, 4.9376e-02],\n",
       "           [1.3390e-01, 2.8672e-01, 3.9606e-02, 4.3802e-01, 1.0175e-01],\n",
       "           [6.5743e-01, 8.7507e-02, 1.3969e-01, 6.0259e-02, 5.5114e-02]],\n",
       " \n",
       "          [[8.9023e-01, 4.4381e-02, 1.1601e-02, 2.2846e-02, 3.0940e-02],\n",
       "           [4.0616e-04, 3.2528e-03, 9.0811e-01, 6.7056e-02, 2.1175e-02],\n",
       "           [1.3092e-02, 2.7010e-02, 2.4580e-02, 5.1333e-01, 4.2198e-01],\n",
       "           [2.8041e-03, 6.8016e-03, 5.9748e-02, 1.1007e-02, 9.1964e-01],\n",
       "           [2.9436e-01, 4.0606e-02, 1.3383e-01, 1.2271e-01, 4.0850e-01]],\n",
       " \n",
       "          [[9.3085e-01, 1.6815e-02, 1.6443e-03, 1.1078e-02, 3.9611e-02],\n",
       "           [4.3795e-01, 7.3784e-02, 7.9542e-02, 1.0187e-01, 3.0685e-01],\n",
       "           [8.3266e-02, 3.9984e-01, 6.6154e-02, 3.0419e-01, 1.4655e-01],\n",
       "           [4.5251e-01, 8.8114e-02, 2.5965e-01, 2.0463e-02, 1.7926e-01],\n",
       "           [6.1308e-01, 1.1047e-01, 2.7991e-02, 9.5143e-02, 1.5332e-01]]]]),\n",
       " tensor([[[[7.5924e-01, 3.1223e-02, 3.2254e-02, 1.5264e-02, 1.6202e-01],\n",
       "           [1.3200e-01, 4.0701e-02, 2.6311e-01, 4.3159e-01, 1.3260e-01],\n",
       "           [2.6219e-01, 3.0090e-01, 6.1361e-02, 2.5502e-01, 1.2053e-01],\n",
       "           [3.7228e-01, 3.0594e-01, 7.6795e-02, 2.6167e-02, 2.1882e-01],\n",
       "           [7.8872e-01, 1.9973e-02, 4.3416e-02, 3.5486e-02, 1.1240e-01]],\n",
       " \n",
       "          [[8.0693e-01, 4.2186e-02, 2.8807e-02, 2.9058e-02, 9.3014e-02],\n",
       "           [1.2917e-01, 5.6578e-03, 8.4384e-01, 6.7316e-03, 1.4601e-02],\n",
       "           [3.9311e-02, 3.7584e-03, 1.4347e-02, 9.1814e-01, 2.4447e-02],\n",
       "           [1.5656e-01, 1.5366e-02, 2.3768e-02, 7.1587e-03, 7.9715e-01],\n",
       "           [9.6398e-01, 1.0135e-03, 3.0480e-03, 7.6399e-04, 3.1198e-02]],\n",
       " \n",
       "          [[9.4177e-01, 1.3350e-02, 1.0960e-02, 8.3333e-03, 2.5587e-02],\n",
       "           [9.1612e-01, 9.9363e-03, 3.0673e-03, 3.1511e-02, 3.9365e-02],\n",
       "           [7.8820e-01, 2.4393e-02, 4.8563e-03, 1.1211e-01, 7.0447e-02],\n",
       "           [9.3958e-01, 8.1579e-03, 9.2657e-04, 1.3188e-02, 3.8151e-02],\n",
       "           [8.9639e-01, 2.9070e-02, 6.4675e-03, 1.7013e-02, 5.1063e-02]],\n",
       " \n",
       "          [[9.5900e-01, 6.2699e-03, 8.7959e-04, 4.8111e-03, 2.9043e-02],\n",
       "           [7.7134e-01, 6.7354e-03, 2.2562e-02, 5.7138e-03, 1.9365e-01],\n",
       "           [3.6473e-01, 8.5036e-02, 1.3780e-01, 3.6094e-02, 3.7634e-01],\n",
       "           [7.0675e-01, 1.3579e-02, 2.7534e-02, 4.1432e-03, 2.4800e-01],\n",
       "           [9.6010e-01, 8.3231e-03, 2.9202e-03, 7.6788e-03, 2.0979e-02]],\n",
       " \n",
       "          [[8.9636e-01, 1.8532e-02, 1.5465e-02, 1.8813e-02, 5.0834e-02],\n",
       "           [9.8355e-01, 5.1942e-03, 2.6169e-03, 8.1222e-03, 5.1782e-04],\n",
       "           [1.1380e-01, 8.2294e-01, 4.8988e-02, 4.2237e-03, 1.0055e-02],\n",
       "           [1.0512e-01, 1.3037e-02, 8.6572e-01, 6.0165e-03, 1.0099e-02],\n",
       "           [9.2854e-01, 1.0167e-03, 1.1598e-02, 2.3103e-02, 3.5746e-02]],\n",
       " \n",
       "          [[9.4126e-01, 4.9934e-03, 3.6507e-03, 9.0424e-03, 4.1052e-02],\n",
       "           [5.5240e-01, 5.2299e-03, 1.5040e-02, 2.9332e-02, 3.9800e-01],\n",
       "           [5.3646e-01, 4.2544e-02, 2.6314e-02, 7.7606e-02, 3.1707e-01],\n",
       "           [6.3465e-01, 2.3552e-02, 1.8904e-02, 2.1221e-02, 3.0168e-01],\n",
       "           [8.8881e-01, 5.5793e-03, 7.2279e-03, 2.0676e-02, 7.7711e-02]],\n",
       " \n",
       "          [[9.3281e-01, 6.3881e-03, 1.3969e-02, 1.0094e-02, 3.6735e-02],\n",
       "           [7.5105e-01, 9.2911e-03, 6.1049e-03, 1.1926e-02, 2.2162e-01],\n",
       "           [5.2271e-01, 1.4143e-02, 7.7690e-03, 1.0827e-02, 4.4455e-01],\n",
       "           [8.7325e-01, 4.4274e-03, 4.6261e-03, 6.4799e-03, 1.1122e-01],\n",
       "           [9.1063e-01, 7.9082e-03, 1.9728e-02, 1.1186e-02, 5.0549e-02]],\n",
       " \n",
       "          [[9.5367e-01, 4.8207e-03, 6.0209e-03, 5.4417e-03, 3.0051e-02],\n",
       "           [8.5980e-01, 7.3990e-03, 9.1058e-03, 1.5487e-02, 1.0821e-01],\n",
       "           [6.8661e-01, 3.1468e-02, 2.5081e-02, 6.6735e-02, 1.9011e-01],\n",
       "           [8.3111e-01, 8.7655e-03, 7.3716e-03, 8.6003e-03, 1.4415e-01],\n",
       "           [9.2157e-01, 6.2369e-03, 9.8354e-03, 9.3335e-03, 5.3026e-02]],\n",
       " \n",
       "          [[5.9900e-01, 6.1510e-02, 4.4159e-02, 8.3029e-02, 2.1230e-01],\n",
       "           [6.5527e-01, 1.3774e-02, 2.6605e-02, 1.3588e-01, 1.6847e-01],\n",
       "           [8.3946e-01, 1.2292e-02, 1.3657e-02, 2.5137e-02, 1.0946e-01],\n",
       "           [7.8716e-01, 2.2705e-02, 1.7710e-02, 3.8342e-02, 1.3409e-01],\n",
       "           [3.2775e-01, 1.0032e-01, 1.9822e-01, 1.6395e-01, 2.0975e-01]],\n",
       " \n",
       "          [[6.0755e-01, 5.4754e-02, 5.6968e-02, 4.1678e-02, 2.3906e-01],\n",
       "           [7.9493e-01, 7.5346e-03, 3.3294e-03, 9.8791e-03, 1.8432e-01],\n",
       "           [7.7750e-01, 1.1239e-02, 1.0294e-03, 2.0865e-03, 2.0814e-01],\n",
       "           [7.5287e-01, 1.9408e-02, 7.4214e-03, 3.0238e-03, 2.1728e-01],\n",
       "           [5.0417e-01, 4.5801e-02, 7.1318e-02, 3.6830e-02, 3.4188e-01]],\n",
       " \n",
       "          [[8.8194e-01, 2.0472e-02, 1.4885e-02, 2.0142e-02, 6.2560e-02],\n",
       "           [8.5369e-01, 1.4443e-02, 1.8441e-02, 4.8274e-02, 6.5150e-02],\n",
       "           [5.9902e-01, 1.2502e-01, 4.7004e-02, 1.2066e-01, 1.0830e-01],\n",
       "           [3.0379e-01, 4.4887e-01, 5.9154e-02, 5.5900e-02, 1.3228e-01],\n",
       "           [9.7112e-01, 5.5137e-03, 2.8590e-03, 4.9110e-03, 1.5596e-02]],\n",
       " \n",
       "          [[7.5233e-01, 2.3797e-02, 1.1871e-02, 1.2929e-02, 1.9907e-01],\n",
       "           [5.3474e-01, 1.5027e-01, 6.4465e-03, 4.4472e-02, 2.6407e-01],\n",
       "           [5.8402e-01, 2.0175e-02, 3.1178e-01, 2.7806e-03, 8.1248e-02],\n",
       "           [3.2225e-01, 2.6704e-02, 4.3018e-03, 4.4860e-01, 1.9814e-01],\n",
       "           [7.6925e-01, 5.8258e-02, 4.0093e-02, 1.8470e-02, 1.1393e-01]]]]),\n",
       " tensor([[[[9.7840e-01, 1.4392e-03, 1.6364e-03, 2.4795e-03, 1.6045e-02],\n",
       "           [3.5166e-06, 4.6120e-05, 9.9995e-01, 1.6083e-07, 1.3347e-07],\n",
       "           [1.7699e-03, 7.4699e-05, 4.6357e-04, 9.9605e-01, 1.6409e-03],\n",
       "           [3.8693e-02, 3.0268e-05, 3.5565e-05, 3.4018e-05, 9.6121e-01],\n",
       "           [9.8313e-01, 3.0375e-05, 1.3168e-03, 3.0543e-05, 1.5490e-02]],\n",
       " \n",
       "          [[7.4350e-01, 1.9111e-02, 4.0187e-02, 2.8380e-02, 1.6883e-01],\n",
       "           [5.0665e-01, 1.6385e-02, 3.8193e-01, 6.6859e-03, 8.8344e-02],\n",
       "           [3.7971e-01, 4.2549e-01, 9.2219e-03, 4.0816e-02, 1.4476e-01],\n",
       "           [3.1385e-01, 4.6915e-03, 5.2831e-01, 3.7942e-03, 1.4935e-01],\n",
       "           [8.0531e-01, 6.6559e-03, 2.1747e-02, 1.1072e-02, 1.5521e-01]],\n",
       " \n",
       "          [[8.2720e-01, 1.4365e-02, 1.5965e-02, 2.7593e-02, 1.1488e-01],\n",
       "           [6.9820e-01, 2.7275e-02, 2.2855e-02, 1.7808e-01, 7.3592e-02],\n",
       "           [9.0300e-01, 3.2042e-03, 1.2555e-02, 1.1292e-02, 6.9953e-02],\n",
       "           [7.5838e-01, 2.9929e-02, 2.1985e-02, 5.4501e-02, 1.3520e-01],\n",
       "           [7.2604e-01, 2.2235e-02, 3.0361e-02, 3.7536e-02, 1.8382e-01]],\n",
       " \n",
       "          [[6.9920e-01, 4.3453e-02, 5.5761e-02, 4.6377e-02, 1.5521e-01],\n",
       "           [5.0731e-01, 8.7585e-03, 1.6856e-02, 1.0497e-01, 3.6210e-01],\n",
       "           [8.5836e-01, 2.9550e-03, 1.2183e-03, 4.5174e-03, 1.3295e-01],\n",
       "           [6.5492e-01, 3.1219e-02, 5.1737e-03, 6.0091e-03, 3.0268e-01],\n",
       "           [8.5581e-01, 1.0849e-02, 8.4285e-03, 1.6115e-02, 1.0880e-01]],\n",
       " \n",
       "          [[7.7382e-01, 1.5234e-02, 1.4344e-02, 1.7807e-02, 1.7879e-01],\n",
       "           [5.1359e-01, 3.8590e-02, 4.4603e-02, 1.2498e-01, 2.7823e-01],\n",
       "           [7.4704e-01, 5.9794e-02, 7.6391e-02, 4.1454e-02, 7.5322e-02],\n",
       "           [4.0096e-01, 4.1482e-01, 3.9849e-02, 5.9241e-02, 8.5132e-02],\n",
       "           [6.0919e-01, 9.7540e-03, 1.0304e-02, 2.5819e-02, 3.4494e-01]],\n",
       " \n",
       "          [[7.5118e-01, 3.3658e-02, 6.8933e-02, 5.4173e-02, 9.2054e-02],\n",
       "           [3.8461e-01, 2.6904e-01, 5.0708e-02, 1.3806e-01, 1.5759e-01],\n",
       "           [5.3067e-01, 3.7403e-02, 2.1152e-02, 4.4610e-02, 3.6616e-01],\n",
       "           [4.5757e-01, 5.2316e-02, 5.6521e-02, 1.3352e-01, 3.0007e-01],\n",
       "           [7.0488e-01, 4.3920e-02, 9.4351e-02, 7.9360e-02, 7.7487e-02]],\n",
       " \n",
       "          [[2.5774e-01, 1.5181e-01, 1.1324e-01, 1.2685e-01, 3.5035e-01],\n",
       "           [1.4187e-01, 4.7101e-01, 1.1551e-02, 1.1108e-01, 2.6448e-01],\n",
       "           [3.6636e-02, 2.1240e-03, 8.4932e-01, 1.3516e-02, 9.8409e-02],\n",
       "           [1.4719e-01, 6.4989e-02, 1.4144e-02, 6.2592e-01, 1.4775e-01],\n",
       "           [3.5561e-01, 8.8228e-02, 1.0193e-01, 9.0172e-02, 3.6406e-01]],\n",
       " \n",
       "          [[8.7447e-01, 8.7796e-03, 1.9425e-02, 9.1717e-03, 8.8158e-02],\n",
       "           [4.3689e-01, 6.6586e-02, 8.7176e-02, 1.7267e-01, 2.3668e-01],\n",
       "           [5.4259e-01, 7.9533e-03, 1.0977e-02, 1.3460e-02, 4.2502e-01],\n",
       "           [5.9637e-01, 4.4018e-02, 2.2577e-02, 2.8095e-03, 3.3423e-01],\n",
       "           [9.4078e-01, 1.7842e-03, 5.4380e-03, 2.0101e-03, 4.9985e-02]],\n",
       " \n",
       "          [[8.0654e-01, 9.2920e-03, 1.5736e-02, 1.4528e-02, 1.5390e-01],\n",
       "           [3.4451e-01, 2.1753e-01, 1.3356e-01, 6.8470e-02, 2.3593e-01],\n",
       "           [6.2476e-01, 1.6617e-02, 7.6113e-03, 3.4789e-02, 3.1622e-01],\n",
       "           [5.0976e-01, 1.0509e-02, 5.5499e-02, 2.2437e-01, 1.9986e-01],\n",
       "           [8.0694e-01, 1.1425e-02, 7.5910e-03, 9.0862e-03, 1.6496e-01]],\n",
       " \n",
       "          [[6.4436e-01, 1.6747e-02, 7.9876e-03, 1.6023e-02, 3.1488e-01],\n",
       "           [3.0810e-06, 1.1558e-04, 9.9988e-01, 3.4021e-07, 3.3198e-07],\n",
       "           [1.4955e-03, 1.1537e-04, 3.0845e-04, 9.9443e-01, 3.6488e-03],\n",
       "           [4.0097e-02, 1.8862e-05, 7.7243e-06, 2.5079e-05, 9.5985e-01],\n",
       "           [9.9324e-01, 3.5969e-06, 6.7367e-04, 1.4450e-05, 6.0704e-03]],\n",
       " \n",
       "          [[7.6978e-01, 2.2655e-02, 2.2734e-02, 3.0955e-02, 1.5388e-01],\n",
       "           [7.8430e-01, 2.9229e-02, 3.6481e-02, 4.9525e-02, 1.0047e-01],\n",
       "           [8.0163e-01, 1.8572e-02, 1.2869e-01, 2.2483e-02, 2.8625e-02],\n",
       "           [8.1210e-01, 2.3211e-02, 6.0994e-02, 7.4232e-02, 2.9460e-02],\n",
       "           [9.2344e-01, 4.6894e-03, 6.9034e-03, 6.1695e-03, 5.8798e-02]],\n",
       " \n",
       "          [[9.6231e-01, 2.4483e-03, 3.0380e-03, 4.1068e-03, 2.8101e-02],\n",
       "           [3.3436e-01, 1.6326e-02, 1.3534e-01, 3.2679e-01, 1.8718e-01],\n",
       "           [5.1703e-01, 9.2568e-02, 6.6693e-02, 6.8062e-02, 2.5565e-01],\n",
       "           [7.2340e-01, 3.5104e-02, 4.6438e-02, 9.3359e-03, 1.8573e-01],\n",
       "           [9.9189e-01, 4.1476e-04, 6.4616e-04, 1.2012e-03, 5.8446e-03]]]]),\n",
       " tensor([[[[3.5346e-01, 1.1989e-03, 1.0564e-03, 4.3899e-03, 6.3990e-01],\n",
       "           [3.0015e-01, 1.1515e-01, 1.8976e-04, 3.1461e-02, 5.5306e-01],\n",
       "           [3.9632e-01, 5.8766e-05, 5.8371e-02, 2.9221e-04, 5.4496e-01],\n",
       "           [3.4507e-01, 2.1828e-03, 1.9025e-04, 1.8730e-01, 4.6525e-01],\n",
       "           [2.8271e-01, 2.0409e-03, 1.0299e-02, 2.5319e-03, 7.0242e-01]],\n",
       " \n",
       "          [[3.7385e-01, 1.3964e-02, 1.9102e-02, 3.5622e-02, 5.5746e-01],\n",
       "           [3.5492e-01, 2.9396e-02, 2.4411e-01, 4.6993e-02, 3.2458e-01],\n",
       "           [5.9382e-01, 5.0784e-02, 7.4974e-02, 7.8679e-02, 2.0174e-01],\n",
       "           [7.4929e-02, 2.2296e-02, 2.3287e-02, 4.1188e-02, 8.3830e-01],\n",
       "           [5.1330e-01, 2.5646e-03, 2.1840e-03, 5.8348e-03, 4.7612e-01]],\n",
       " \n",
       "          [[1.6583e-01, 1.7357e-01, 2.5732e-01, 9.9277e-02, 3.0400e-01],\n",
       "           [3.8498e-01, 1.5999e-01, 5.6509e-03, 7.7242e-02, 3.7214e-01],\n",
       "           [4.7512e-01, 3.9287e-02, 6.9073e-02, 4.2151e-02, 3.7437e-01],\n",
       "           [5.2594e-01, 4.2658e-02, 4.1234e-02, 1.8410e-02, 3.7176e-01],\n",
       "           [1.2371e-01, 1.1523e-02, 1.0553e-02, 1.4817e-02, 8.3940e-01]],\n",
       " \n",
       "          [[4.0450e-01, 1.7287e-02, 1.9708e-02, 4.8369e-02, 5.1013e-01],\n",
       "           [1.2505e-01, 7.1560e-03, 2.1113e-01, 5.9357e-01, 6.3100e-02],\n",
       "           [5.3109e-01, 3.1128e-02, 1.2228e-02, 1.2095e-01, 3.0461e-01],\n",
       "           [4.1233e-01, 1.1227e-01, 1.7132e-02, 7.4145e-03, 4.5085e-01],\n",
       "           [3.1749e-01, 4.3807e-03, 3.5812e-03, 6.4427e-03, 6.6810e-01]],\n",
       " \n",
       "          [[1.2097e-01, 2.3704e-02, 1.0938e-01, 1.9975e-02, 7.2597e-01],\n",
       "           [1.7504e-01, 7.8271e-03, 4.3900e-01, 2.2678e-02, 3.5545e-01],\n",
       "           [1.5623e-01, 1.3478e-02, 1.2188e-01, 8.8487e-02, 6.1993e-01],\n",
       "           [5.0612e-02, 1.7908e-02, 6.9060e-01, 3.8366e-02, 2.0251e-01],\n",
       "           [7.8083e-01, 6.0618e-04, 7.1108e-04, 1.9783e-03, 2.1588e-01]],\n",
       " \n",
       "          [[8.0381e-01, 2.0091e-02, 3.0789e-02, 1.0368e-01, 4.1635e-02],\n",
       "           [8.9544e-01, 5.4564e-03, 1.1191e-03, 1.9282e-02, 7.8704e-02],\n",
       "           [3.1176e-01, 6.2741e-01, 2.9196e-02, 5.9975e-03, 2.5636e-02],\n",
       "           [6.0236e-02, 1.0771e-02, 8.7598e-01, 3.4400e-02, 1.8609e-02],\n",
       "           [9.3653e-01, 7.1038e-03, 9.8305e-03, 3.0258e-02, 1.6280e-02]],\n",
       " \n",
       "          [[1.9539e-01, 1.0727e-01, 2.0197e-01, 6.0715e-02, 4.3466e-01],\n",
       "           [5.2967e-01, 1.5621e-02, 1.2706e-02, 1.0972e-01, 3.3228e-01],\n",
       "           [4.7086e-01, 3.3621e-02, 1.0526e-01, 4.9060e-02, 3.4120e-01],\n",
       "           [5.2700e-01, 8.5929e-03, 7.1058e-03, 1.5204e-02, 4.4209e-01],\n",
       "           [2.9719e-01, 5.9852e-03, 8.9370e-03, 1.6993e-02, 6.7089e-01]],\n",
       " \n",
       "          [[5.4155e-01, 4.3616e-02, 6.0271e-02, 8.5134e-02, 2.6943e-01],\n",
       "           [3.1615e-01, 1.9272e-02, 2.2329e-01, 1.4559e-01, 2.9570e-01],\n",
       "           [4.1856e-01, 5.0164e-02, 1.5416e-02, 5.5740e-02, 4.6011e-01],\n",
       "           [2.6889e-01, 7.1902e-02, 3.9568e-02, 4.4020e-01, 1.7943e-01],\n",
       "           [4.2137e-01, 8.2334e-03, 1.7552e-02, 1.0156e-02, 5.4269e-01]],\n",
       " \n",
       "          [[6.2296e-01, 1.1945e-02, 1.8779e-02, 6.4063e-02, 2.8225e-01],\n",
       "           [3.5017e-01, 3.6819e-02, 2.6650e-02, 2.2020e-01, 3.6616e-01],\n",
       "           [1.0255e-01, 3.4572e-02, 7.9567e-02, 6.0026e-01, 1.8305e-01],\n",
       "           [1.5337e-01, 3.0351e-02, 2.7203e-01, 1.8519e-01, 3.5906e-01],\n",
       "           [7.4502e-01, 1.4816e-03, 5.1834e-03, 7.0175e-03, 2.4130e-01]],\n",
       " \n",
       "          [[7.7307e-01, 8.3787e-03, 7.5594e-03, 2.5315e-02, 1.8568e-01],\n",
       "           [2.1256e-02, 1.0142e-02, 8.2444e-01, 7.8943e-03, 1.3626e-01],\n",
       "           [3.8823e-02, 3.4031e-03, 2.1258e-03, 9.1292e-01, 4.2729e-02],\n",
       "           [8.0252e-01, 8.9704e-04, 2.5690e-03, 1.0059e-02, 1.8396e-01],\n",
       "           [9.3206e-01, 2.8028e-03, 1.9241e-03, 2.7970e-03, 6.0412e-02]],\n",
       " \n",
       "          [[2.9319e-01, 6.6149e-03, 1.9501e-02, 1.8646e-02, 6.6205e-01],\n",
       "           [2.6691e-01, 1.6225e-02, 4.0095e-01, 3.6051e-02, 2.7986e-01],\n",
       "           [3.5673e-01, 5.9286e-02, 9.4564e-03, 1.9494e-01, 3.7959e-01],\n",
       "           [2.2341e-01, 6.6466e-02, 3.3960e-01, 4.3125e-02, 3.2739e-01],\n",
       "           [2.5759e-01, 1.4614e-03, 1.8899e-03, 1.9250e-03, 7.3713e-01]],\n",
       " \n",
       "          [[6.0712e-01, 1.2906e-02, 2.0421e-02, 5.3905e-02, 3.0565e-01],\n",
       "           [6.8574e-01, 4.4350e-03, 4.8284e-03, 4.1118e-02, 2.6388e-01],\n",
       "           [3.0562e-01, 1.6623e-01, 4.7271e-02, 2.9213e-02, 4.5167e-01],\n",
       "           [4.5930e-02, 7.6763e-01, 6.9385e-02, 5.7670e-03, 1.1129e-01],\n",
       "           [7.7139e-01, 1.8751e-03, 2.1128e-03, 1.9343e-02, 2.0528e-01]]]]),\n",
       " tensor([[[[9.5877e-02, 6.4669e-03, 7.2905e-03, 1.1764e-02, 8.7860e-01],\n",
       "           [1.9827e-02, 1.4718e-02, 7.8397e-02, 1.2356e-01, 7.6350e-01],\n",
       "           [1.1206e-02, 5.1357e-02, 1.6113e-01, 1.5292e-01, 6.2339e-01],\n",
       "           [1.3981e-02, 4.1134e-02, 1.6305e-01, 8.9073e-02, 6.9276e-01],\n",
       "           [9.1395e-02, 7.1209e-04, 2.5767e-04, 3.5481e-03, 9.0409e-01]],\n",
       " \n",
       "          [[6.1669e-01, 1.2253e-02, 2.8098e-01, 8.4771e-02, 5.3118e-03],\n",
       "           [1.9110e-03, 1.2534e-01, 8.6797e-02, 7.3345e-01, 5.2498e-02],\n",
       "           [7.3427e-03, 2.5708e-01, 9.6374e-02, 5.5419e-01, 8.5015e-02],\n",
       "           [5.8027e-03, 3.5573e-01, 4.3541e-01, 1.5597e-01, 4.7088e-02],\n",
       "           [9.1651e-02, 3.4751e-02, 7.4863e-02, 7.0360e-02, 7.2838e-01]],\n",
       " \n",
       "          [[1.1463e-01, 8.8875e-02, 2.5714e-01, 4.4057e-01, 9.8785e-02],\n",
       "           [7.3523e-02, 8.1314e-03, 1.2919e-02, 2.7953e-02, 8.7747e-01],\n",
       "           [5.3740e-02, 1.0569e-02, 2.5531e-03, 1.3424e-02, 9.1971e-01],\n",
       "           [1.6587e-01, 5.3843e-03, 1.7888e-02, 2.7446e-02, 7.8342e-01],\n",
       "           [1.3371e-01, 7.7864e-03, 3.6064e-03, 7.3702e-03, 8.4753e-01]],\n",
       " \n",
       "          [[5.9860e-02, 7.0953e-03, 4.7600e-03, 2.2945e-02, 9.0534e-01],\n",
       "           [7.8855e-02, 2.3671e-01, 3.5764e-04, 1.5019e-02, 6.6906e-01],\n",
       "           [2.1978e-02, 1.2542e-04, 1.7815e-01, 6.4490e-04, 7.9910e-01],\n",
       "           [1.9711e-02, 2.0820e-03, 8.7491e-04, 5.2004e-01, 4.5729e-01],\n",
       "           [5.1230e-03, 3.3610e-04, 2.4990e-04, 1.2558e-03, 9.9304e-01]],\n",
       " \n",
       "          [[1.0468e-01, 1.0144e-02, 3.3764e-02, 3.1814e-02, 8.1960e-01],\n",
       "           [5.3171e-02, 1.1856e-02, 1.5843e-01, 6.5175e-02, 7.1137e-01],\n",
       "           [2.0127e-02, 2.0688e-02, 2.3291e-01, 1.3695e-01, 5.8932e-01],\n",
       "           [1.7031e-02, 3.3753e-02, 2.0680e-01, 1.2816e-01, 6.1425e-01],\n",
       "           [1.2178e-03, 3.3178e-04, 3.5665e-04, 1.1062e-03, 9.9699e-01]],\n",
       " \n",
       "          [[2.7777e-02, 2.3868e-03, 1.0049e-02, 1.2727e-02, 9.4706e-01],\n",
       "           [1.3954e-01, 1.1972e-02, 4.6214e-01, 2.3796e-01, 1.4838e-01],\n",
       "           [3.5811e-02, 8.6650e-03, 1.5995e-02, 6.0656e-02, 8.7887e-01],\n",
       "           [2.6360e-02, 1.7559e-03, 2.2791e-02, 2.1792e-02, 9.2730e-01],\n",
       "           [5.4780e-03, 8.9807e-04, 1.7630e-03, 2.5363e-03, 9.8932e-01]],\n",
       " \n",
       "          [[1.0399e-02, 3.7015e-03, 2.7336e-02, 1.7980e-02, 9.4058e-01],\n",
       "           [3.1689e-02, 2.5110e-02, 6.5346e-02, 9.8372e-02, 7.7948e-01],\n",
       "           [3.3581e-02, 1.6837e-01, 1.4522e-01, 1.3445e-01, 5.1838e-01],\n",
       "           [3.5902e-02, 4.9494e-02, 1.9662e-01, 3.7738e-02, 6.8024e-01],\n",
       "           [2.0109e-03, 1.7257e-04, 9.8576e-04, 1.4099e-03, 9.9542e-01]],\n",
       " \n",
       "          [[6.8524e-02, 1.2341e-02, 6.0711e-02, 3.0355e-02, 8.2807e-01],\n",
       "           [1.7949e-02, 1.3495e-02, 3.4182e-02, 4.7902e-02, 8.8647e-01],\n",
       "           [1.2965e-02, 1.9861e-01, 1.0445e-02, 6.9273e-02, 7.0871e-01],\n",
       "           [3.7245e-02, 1.2831e-02, 7.0509e-01, 8.1971e-03, 2.3664e-01],\n",
       "           [5.6213e-03, 2.0068e-03, 3.4669e-03, 3.4533e-03, 9.8545e-01]],\n",
       " \n",
       "          [[1.0954e-01, 2.8612e-03, 1.4777e-02, 2.2445e-02, 8.5037e-01],\n",
       "           [3.0124e-01, 8.9526e-03, 2.4903e-02, 1.9872e-01, 4.6618e-01],\n",
       "           [9.1287e-02, 3.5600e-02, 2.7355e-02, 2.1696e-02, 8.2406e-01],\n",
       "           [4.6688e-02, 2.5656e-02, 4.7126e-02, 7.5366e-03, 8.7299e-01],\n",
       "           [1.1135e-02, 9.2971e-03, 1.1935e-02, 7.0549e-03, 9.6058e-01]],\n",
       " \n",
       "          [[4.0156e-02, 3.1102e-02, 9.3298e-02, 4.7114e-02, 7.8833e-01],\n",
       "           [2.3062e-01, 4.2195e-03, 8.4862e-02, 1.7642e-01, 5.0387e-01],\n",
       "           [2.9463e-01, 1.2664e-02, 2.4280e-02, 3.1048e-02, 6.3738e-01],\n",
       "           [9.4446e-02, 2.1276e-01, 1.1374e-01, 2.9930e-02, 5.4912e-01],\n",
       "           [3.0412e-02, 2.6505e-03, 9.5882e-03, 5.1965e-03, 9.5215e-01]],\n",
       " \n",
       "          [[3.5638e-02, 2.3480e-02, 3.2664e-02, 2.1995e-02, 8.8622e-01],\n",
       "           [4.6225e-02, 2.1479e-02, 5.0364e-02, 1.8433e-02, 8.6350e-01],\n",
       "           [5.2147e-02, 1.5553e-01, 3.7281e-02, 1.5064e-02, 7.3998e-01],\n",
       "           [7.1582e-02, 1.8538e-01, 9.2058e-02, 3.9216e-02, 6.1177e-01],\n",
       "           [1.1221e-02, 3.2927e-03, 3.2595e-03, 3.2297e-03, 9.7900e-01]],\n",
       " \n",
       "          [[1.9190e-01, 2.0739e-01, 5.2953e-02, 1.3684e-01, 4.1091e-01],\n",
       "           [5.3575e-02, 3.0378e-02, 4.3624e-01, 1.8481e-02, 4.6132e-01],\n",
       "           [6.9554e-03, 4.1546e-02, 1.3341e-02, 6.2176e-01, 3.1640e-01],\n",
       "           [3.3659e-02, 2.5360e-02, 1.0482e-02, 2.4451e-02, 9.0605e-01],\n",
       "           [1.6393e-02, 1.5481e-02, 3.4186e-03, 1.7084e-02, 9.4762e-01]]]]),\n",
       " tensor([[[[3.6434e-02, 2.4752e-02, 2.3539e-01, 2.0847e-01, 4.9495e-01],\n",
       "           [1.3840e-01, 2.4531e-02, 5.6258e-02, 1.8006e-01, 6.0075e-01],\n",
       "           [2.4811e-02, 6.5341e-03, 7.3427e-02, 1.3617e-01, 7.5906e-01],\n",
       "           [6.3372e-02, 3.3551e-03, 2.2796e-02, 3.3906e-02, 8.7657e-01],\n",
       "           [2.3782e-02, 3.5478e-03, 1.3332e-02, 1.6256e-02, 9.4308e-01]],\n",
       " \n",
       "          [[2.9777e-02, 8.4932e-02, 8.3458e-02, 6.7244e-02, 7.3459e-01],\n",
       "           [3.2214e-03, 9.1314e-03, 5.3007e-03, 2.5956e-02, 9.5639e-01],\n",
       "           [1.6510e-03, 1.5639e-02, 4.5292e-03, 4.7350e-03, 9.7345e-01],\n",
       "           [7.5662e-02, 1.0467e-01, 2.9678e-01, 2.4762e-02, 4.9813e-01],\n",
       "           [6.3420e-03, 3.0803e-03, 5.5078e-03, 1.6233e-03, 9.8345e-01]],\n",
       " \n",
       "          [[6.2993e-02, 1.3740e-02, 4.8149e-02, 5.6930e-02, 8.1819e-01],\n",
       "           [2.6893e-01, 4.9827e-02, 5.5431e-02, 3.6224e-01, 2.6357e-01],\n",
       "           [1.0910e-01, 4.6147e-02, 3.1001e-02, 1.9694e-01, 6.1682e-01],\n",
       "           [1.4247e-01, 2.8413e-02, 3.1373e-02, 4.6377e-01, 3.3398e-01],\n",
       "           [2.2955e-02, 1.4004e-03, 1.4243e-03, 5.6620e-04, 9.7365e-01]],\n",
       " \n",
       "          [[1.6874e-02, 9.9110e-02, 1.1036e-01, 5.7042e-02, 7.1661e-01],\n",
       "           [2.0986e-02, 7.0715e-02, 6.2843e-02, 6.4313e-03, 8.3903e-01],\n",
       "           [9.4871e-03, 1.6091e-02, 1.5108e-02, 1.6665e-02, 9.4265e-01],\n",
       "           [5.0402e-02, 1.2898e-02, 3.5648e-02, 2.7748e-01, 6.2357e-01],\n",
       "           [7.5779e-03, 3.6594e-03, 5.6297e-03, 4.2446e-03, 9.7889e-01]],\n",
       " \n",
       "          [[2.8906e-02, 1.1807e-01, 1.4868e-01, 2.1125e-01, 4.9309e-01],\n",
       "           [2.9770e-01, 1.2043e-02, 1.7813e-02, 8.0146e-02, 5.9230e-01],\n",
       "           [1.1375e-01, 1.1786e-02, 2.6823e-03, 8.1234e-03, 8.6366e-01],\n",
       "           [1.8627e-01, 3.2896e-02, 4.9161e-03, 2.7334e-02, 7.4858e-01],\n",
       "           [1.9624e-02, 1.8926e-03, 2.8280e-03, 2.4151e-03, 9.7324e-01]],\n",
       " \n",
       "          [[1.9139e-02, 1.9844e-02, 1.4978e-02, 5.5490e-02, 8.9055e-01],\n",
       "           [5.2230e-02, 1.6394e-01, 7.6080e-03, 1.2629e-02, 7.6359e-01],\n",
       "           [2.0325e-02, 1.5853e-03, 4.3585e-02, 8.2889e-03, 9.2622e-01],\n",
       "           [5.3608e-02, 7.4960e-04, 2.2959e-03, 2.7770e-01, 6.6565e-01],\n",
       "           [6.9101e-03, 1.0103e-03, 1.3844e-03, 2.0931e-03, 9.8860e-01]],\n",
       " \n",
       "          [[1.8211e-02, 8.3424e-03, 7.6906e-03, 4.7759e-02, 9.1800e-01],\n",
       "           [1.2775e-02, 3.4389e-03, 6.1231e-03, 2.0659e-03, 9.7560e-01],\n",
       "           [2.2183e-02, 1.7313e-01, 2.0441e-02, 5.9676e-03, 7.7828e-01],\n",
       "           [4.4014e-02, 3.4212e-02, 1.0368e-01, 5.9587e-03, 8.1214e-01],\n",
       "           [1.4737e-02, 2.3733e-02, 1.9838e-03, 2.8449e-02, 9.3110e-01]],\n",
       " \n",
       "          [[1.6746e-02, 2.8451e-03, 3.8643e-02, 3.7467e-01, 5.6710e-01],\n",
       "           [8.9685e-02, 2.6709e-02, 5.9925e-01, 1.3294e-01, 1.5142e-01],\n",
       "           [2.6790e-03, 1.4444e-03, 2.1223e-02, 8.9229e-02, 8.8542e-01],\n",
       "           [5.5101e-03, 2.0496e-04, 6.9555e-03, 2.1535e-02, 9.6579e-01],\n",
       "           [4.0055e-03, 5.0588e-04, 1.4603e-03, 1.1997e-02, 9.8203e-01]],\n",
       " \n",
       "          [[3.2254e-02, 2.5325e-02, 5.1120e-02, 1.6870e-01, 7.2260e-01],\n",
       "           [2.4314e-02, 1.0089e-02, 4.7396e-02, 3.9407e-01, 5.2413e-01],\n",
       "           [1.4381e-02, 4.2399e-03, 2.5333e-02, 7.4393e-02, 8.8165e-01],\n",
       "           [1.7539e-02, 1.0904e-02, 2.9974e-03, 4.0249e-02, 9.2831e-01],\n",
       "           [7.7729e-03, 6.9136e-04, 1.7856e-03, 6.5584e-03, 9.8319e-01]],\n",
       " \n",
       "          [[6.7014e-02, 7.6759e-02, 5.0144e-02, 4.9000e-02, 7.5708e-01],\n",
       "           [4.0838e-04, 2.5733e-03, 8.8377e-01, 6.1787e-02, 5.1461e-02],\n",
       "           [9.8383e-03, 3.8966e-03, 7.8925e-03, 8.7882e-01, 9.9551e-02],\n",
       "           [4.0052e-02, 6.7057e-04, 6.2912e-03, 3.0852e-03, 9.4990e-01],\n",
       "           [3.4415e-01, 6.0052e-03, 5.3077e-03, 3.2298e-02, 6.1224e-01]],\n",
       " \n",
       "          [[2.7715e-02, 2.1645e-02, 3.3633e-01, 1.1073e-01, 5.0358e-01],\n",
       "           [9.2514e-02, 7.6763e-03, 1.4602e-02, 6.4743e-02, 8.2046e-01],\n",
       "           [2.3456e-01, 1.6831e-01, 1.7529e-02, 8.8472e-02, 4.9113e-01],\n",
       "           [6.5888e-02, 1.2641e-01, 4.8419e-01, 1.5824e-01, 1.6528e-01],\n",
       "           [1.8449e-02, 6.7675e-03, 1.2861e-02, 1.2769e-02, 9.4915e-01]],\n",
       " \n",
       "          [[6.2517e-02, 2.5478e-03, 6.8539e-03, 9.3935e-03, 9.1869e-01],\n",
       "           [9.8158e-02, 2.7979e-02, 1.5411e-01, 1.6449e-01, 5.5526e-01],\n",
       "           [1.6370e-02, 1.0005e-02, 4.6117e-02, 2.3292e-01, 6.9459e-01],\n",
       "           [6.2489e-03, 1.4123e-03, 9.0457e-04, 6.0957e-03, 9.8534e-01],\n",
       "           [1.6466e-02, 7.5032e-03, 4.4465e-03, 1.0819e-02, 9.6077e-01]]]]),\n",
       " tensor([[[[1.8204e-02, 2.6405e-01, 1.2324e-01, 3.5179e-01, 2.4272e-01],\n",
       "           [1.2344e-03, 3.0966e-02, 1.2858e-02, 2.2858e-03, 9.5266e-01],\n",
       "           [4.2781e-04, 6.5870e-03, 3.6598e-02, 2.6815e-03, 9.5371e-01],\n",
       "           [1.0067e-03, 1.7862e-03, 2.4291e-03, 8.1473e-03, 9.8663e-01],\n",
       "           [3.0109e-03, 4.8666e-04, 1.6789e-03, 3.8844e-03, 9.9094e-01]],\n",
       " \n",
       "          [[1.1644e-02, 1.1677e-02, 5.2612e-02, 7.0404e-01, 2.2003e-01],\n",
       "           [1.6146e-02, 2.9304e-02, 1.0611e-01, 2.2291e-01, 6.2554e-01],\n",
       "           [7.5833e-03, 2.4280e-02, 2.9764e-02, 1.0036e-01, 8.3801e-01],\n",
       "           [1.3763e-01, 5.8465e-02, 2.6059e-02, 8.0443e-02, 6.9740e-01],\n",
       "           [1.0244e-02, 2.9412e-03, 7.9255e-03, 9.7664e-03, 9.6912e-01]],\n",
       " \n",
       "          [[1.9100e-02, 7.1212e-02, 2.3793e-01, 2.4346e-01, 4.2830e-01],\n",
       "           [2.1757e-02, 3.6924e-02, 3.5152e-02, 1.0872e-02, 8.9529e-01],\n",
       "           [3.5667e-02, 4.1082e-02, 8.6456e-02, 8.8683e-03, 8.2793e-01],\n",
       "           [1.4090e-01, 9.4293e-02, 5.5208e-02, 1.2255e-02, 6.9734e-01],\n",
       "           [2.0170e-02, 3.4531e-03, 1.1437e-02, 9.2500e-03, 9.5569e-01]],\n",
       " \n",
       "          [[3.5421e-02, 1.4079e-03, 6.2502e-03, 8.5903e-03, 9.4833e-01],\n",
       "           [1.9066e-02, 1.3893e-02, 6.1736e-02, 1.5854e-02, 8.8945e-01],\n",
       "           [6.1163e-03, 1.3847e-01, 3.2876e-02, 1.1276e-02, 8.1126e-01],\n",
       "           [4.5152e-02, 3.4080e-02, 2.2168e-01, 5.2334e-02, 6.4676e-01],\n",
       "           [8.8771e-02, 9.0682e-03, 5.8921e-03, 8.1111e-03, 8.8816e-01]],\n",
       " \n",
       "          [[3.7767e-02, 2.6265e-02, 8.2691e-02, 4.3395e-02, 8.0988e-01],\n",
       "           [5.3723e-03, 1.1309e-02, 6.9102e-02, 3.9266e-02, 8.7495e-01],\n",
       "           [3.5225e-03, 1.6315e-02, 3.8227e-03, 9.2514e-03, 9.6709e-01],\n",
       "           [9.0259e-03, 2.3404e-02, 8.6337e-02, 2.0653e-03, 8.7917e-01],\n",
